0,502
0,501
0,500
0,499
0,498
0,497
0,496
0,472
66,3
66,2
66,1
66,0
65,3
65,2
65,1
65,0
64,3
64,2
64,1
64,0
63,3
63,2
63,1
63,0
62,3
62,2
62,1
62,0
0,278
51,2
51,0
61,3
61,2
0,9
61,1
61,0
60,52
60,51
60,50
60,49
60,48
60,47
60,46
60,45
60,44
60,43
60,42
60,41
60,40
60,39
60,38
60,37
60,36
4,40
4,17
4,4
4,13
4,19
4,72
4,84
4,65
4,9
4,2
4,3
6,6
6,1
6,4
6,2
6,3
7,7
7,8
7,13
5,4
5,2
5,1
5,3
60,35
3,2
3,1
3,3
10,302
10,184
10,282
10,92
10,226
10,120
10,274
10,228
11,17
11,7
11,13
9,4
9,6
8,4
8,17
8,7
8,15
8,8
58,3
58,2
58,1
58,0
51,3
51,1
50,3
50,1
24,3
24,1
17,3
20,2
20,1
17,2
17,1
16,3
16,2
20,3
16,1
15,3
15,2
15,1
14,2
13,2
12,3
19,2
19,1
